[gd_scene load_steps=86 format=2]

[ext_resource path="res://assets/Rifle.escn" type="PackedScene" id=2]
[ext_resource path="res://assets/Character.escn" type="PackedScene" id=3]

[sub_resource type="CubeMesh" id=81]
size = Vector3( 0.25, 0.25, 0.25 )

[sub_resource type="SphereShape" id=82]
radius = 0.146924

[sub_resource type="CylinderShape" id=83]
radius = 0.0690702
height = 0.0980346

[sub_resource type="BoxShape" id=84]
extents = Vector3( 0.246445, 0.167914, 0.180909 )

[sub_resource type="BoxShape" id=85]
extents = Vector3( 0.17991, 0.119546, 0.085036 )

[sub_resource type="BoxShape" id=86]
extents = Vector3( 0.246446, 0.14373, 0.0864166 )

[sub_resource type="CapsuleShape" id=87]
radius = 0.00992046
height = 0.0793637

[sub_resource type="CapsuleShape" id=88]
radius = 0.00992046
height = 0.0793637

[sub_resource type="BoxShape" id=89]
extents = Vector3( 0.0973402, 0.0834309, 0.144423 )

[sub_resource type="BoxShape" id=90]
extents = Vector3( 0.0764326, 0.0574145, 0.239932 )

[sub_resource type="BoxShape" id=91]
extents = Vector3( 0.128555, 0.0800747, 0.215458 )

[sub_resource type="BoxShape" id=92]
extents = Vector3( 0.0858896, 0.0723719, 0.257933 )

[sub_resource type="AnimationNodeAnimation" id=13]
animation = "LookUp"

[sub_resource type="AnimationNodeAnimation" id=14]
animation = "LookDown"

[sub_resource type="AnimationNodeAnimation" id=15]
animation = "LookRight"

[sub_resource type="AnimationNodeAnimation" id=16]
animation = "LookLeft"

[sub_resource type="AnimationNodeAnimation" id=17]
animation = "LookRightUp"

[sub_resource type="AnimationNodeAnimation" id=18]
animation = "LookRightDown"

[sub_resource type="AnimationNodeAnimation" id=19]
animation = "LookLeftUp"

[sub_resource type="AnimationNodeAnimation" id=20]
animation = "LookLeftDown"

[sub_resource type="AnimationNodeBlendSpace2D" id=21]
blend_point_0/node = SubResource( 13 )
blend_point_0/pos = Vector2( 0, 1 )
blend_point_1/node = SubResource( 14 )
blend_point_1/pos = Vector2( 0, -1 )
blend_point_2/node = SubResource( 15 )
blend_point_2/pos = Vector2( -1, 0 )
blend_point_3/node = SubResource( 16 )
blend_point_3/pos = Vector2( 1, 0 )
blend_point_4/node = SubResource( 17 )
blend_point_4/pos = Vector2( -1, 1 )
blend_point_5/node = SubResource( 18 )
blend_point_5/pos = Vector2( -1, -1 )
blend_point_6/node = SubResource( 19 )
blend_point_6/pos = Vector2( 1, 1 )
blend_point_7/node = SubResource( 20 )
blend_point_7/pos = Vector2( 1, -1 )

[sub_resource type="AnimationNodeBlend2" id=22]
filter_enabled = true
filters = [ ".:Camera", ".:Chest", ".:HandHold.R", ".:Head", ".:LowerArm.L", ".:LowerArm.R", ".:LowerHand.L", ".:LowerHand.R", ".:LowerThumb.L", ".:LowerThumb.R", ".:Neck", ".:Shoulder.L", ".:Shoulder.R", ".:Torso", ".:UpperArm.L", ".:UpperArm.R", ".:UpperHand.L", ".:UpperHand.R", ".:UpperThumb.L", ".:UpperThumb.R" ]

[sub_resource type="AnimationNodeTimeScale" id=23]

[sub_resource type="AnimationNodeAnimation" id=24]
animation = "CrouchIdle-loop"

[sub_resource type="AnimationNodeAnimation" id=25]
animation = "CrouchForward-loop"

[sub_resource type="AnimationNodeAnimation" id=26]
animation = "CrouchBackward-loop"

[sub_resource type="AnimationNodeAnimation" id=27]
animation = "CrouchRight-loop"

[sub_resource type="AnimationNodeAnimation" id=28]
animation = "CrouchLeft-loop"

[sub_resource type="AnimationNodeBlendSpace2D" id=29]
blend_point_0/node = SubResource( 24 )
blend_point_0/pos = Vector2( 0, 0 )
blend_point_1/node = SubResource( 25 )
blend_point_1/pos = Vector2( 0, 1 )
blend_point_2/node = SubResource( 26 )
blend_point_2/pos = Vector2( 0, -1 )
blend_point_3/node = SubResource( 27 )
blend_point_3/pos = Vector2( 1, 0 )
blend_point_4/node = SubResource( 28 )
blend_point_4/pos = Vector2( -1, 0 )

[sub_resource type="AnimationNodeAnimation" id=30]
animation = "RunForward-loop"

[sub_resource type="AnimationNodeAnimation" id=31]
animation = "RunBackward-loop"

[sub_resource type="AnimationNodeAnimation" id=32]
animation = "RunRight-loop"

[sub_resource type="AnimationNodeAnimation" id=33]
animation = "RunLeft-loop"

[sub_resource type="AnimationNodeAnimation" id=34]
animation = "CombatIdle-loop"

[sub_resource type="AnimationNodeBlendSpace2D" id=35]
blend_point_0/node = SubResource( 30 )
blend_point_0/pos = Vector2( 0, 1 )
blend_point_1/node = SubResource( 31 )
blend_point_1/pos = Vector2( 0, -0.9 )
blend_point_2/node = SubResource( 32 )
blend_point_2/pos = Vector2( 1, 0 )
blend_point_3/node = SubResource( 33 )
blend_point_3/pos = Vector2( -1, 0 )
blend_point_4/node = SubResource( 34 )
blend_point_4/pos = Vector2( 0, 0 )

[sub_resource type="AnimationNodeAnimation" id=36]
animation = "Slide"

[sub_resource type="AnimationNodeTimeScale" id=37]

[sub_resource type="AnimationNodeBlendTree" id=38]
nodes/Animation/node = SubResource( 36 )
nodes/Animation/position = Vector2( 62, 164 )
nodes/output/position = Vector2( 440, 160 )
nodes/speed/node = SubResource( 37 )
nodes/speed/position = Vector2( 240, 160 )
node_connections = [ "speed", 0, "Animation", "output", 0, "speed" ]

[sub_resource type="AnimationNodeAnimation" id=39]
animation = "Sprint-loop"

[sub_resource type="AnimationNodeTimeScale" id=40]

[sub_resource type="AnimationNodeBlendTree" id=41]
nodes/Animation/node = SubResource( 39 )
nodes/Animation/position = Vector2( 79, 139 )
nodes/output/position = Vector2( 480, 160 )
nodes/speed/node = SubResource( 40 )
nodes/speed/position = Vector2( 280, 160 )
node_connections = [ "speed", 0, "Animation", "output", 0, "speed" ]

[sub_resource type="AnimationNodeAnimation" id=42]
animation = "TurnRight"

[sub_resource type="AnimationNodeAnimation" id=43]
animation = "TurnLeft"

[sub_resource type="AnimationNodeBlendSpace1D" id=44]
blend_point_0/node = SubResource( 42 )
blend_point_0/pos = -1.0
blend_point_1/node = SubResource( 43 )
blend_point_1/pos = 1.0

[sub_resource type="AnimationNodeTimeScale" id=45]

[sub_resource type="AnimationNodeBlendTree" id=46]
graph_offset = Vector2( -337, 19 )
nodes/direction/node = SubResource( 44 )
nodes/direction/position = Vector2( -170, 128 )
nodes/speed/node = SubResource( 45 )
nodes/speed/position = Vector2( 80, 120 )
node_connections = [ "speed", 0, "direction", "output", 0, "speed" ]

[sub_resource type="AnimationNodeAnimation" id=47]
animation = "Vault"

[sub_resource type="AnimationNodeTimeScale" id=48]

[sub_resource type="AnimationNodeBlendTree" id=49]
nodes/Animation/node = SubResource( 47 )
nodes/Animation/position = Vector2( 91, 142 )
nodes/output/position = Vector2( 460, 140 )
nodes/speed/node = SubResource( 48 )
nodes/speed/position = Vector2( 280, 140 )
node_connections = [ "speed", 0, "Animation", "output", 0, "speed" ]

[sub_resource type="AnimationNodeStateMachineTransition" id=50]
xfade_time = 0.1

[sub_resource type="AnimationNodeStateMachineTransition" id=51]
switch_mode = 2
auto_advance = true
xfade_time = 0.1

[sub_resource type="AnimationNodeStateMachineTransition" id=52]
switch_mode = 1
xfade_time = 0.2

[sub_resource type="AnimationNodeStateMachineTransition" id=53]
switch_mode = 1
xfade_time = 0.2

[sub_resource type="AnimationNodeStateMachineTransition" id=54]
switch_mode = 2
auto_advance = true
xfade_time = 0.1

[sub_resource type="AnimationNodeStateMachineTransition" id=55]
xfade_time = 0.2

[sub_resource type="AnimationNodeStateMachineTransition" id=56]
xfade_time = 0.2

[sub_resource type="AnimationNodeStateMachineTransition" id=57]
xfade_time = 0.1

[sub_resource type="AnimationNodeStateMachineTransition" id=58]
xfade_time = 0.1

[sub_resource type="AnimationNodeStateMachineTransition" id=59]
xfade_time = 0.2

[sub_resource type="AnimationNodeStateMachineTransition" id=60]
switch_mode = 2
auto_advance = true
xfade_time = 0.2

[sub_resource type="AnimationNodeStateMachine" id=61]
states/crouch/node = SubResource( 29 )
states/crouch/position = Vector2( 281, 258 )
states/run/node = SubResource( 35 )
states/run/position = Vector2( 448, 258 )
states/slide/node = SubResource( 38 )
states/slide/position = Vector2( 448, 365 )
states/sprint/node = SubResource( 41 )
states/sprint/position = Vector2( 636, 258 )
states/turn/node = SubResource( 46 )
states/turn/position = Vector2( 448, 144 )
states/vault/node = SubResource( 49 )
states/vault/position = Vector2( 641, 164 )
transitions = [ "run", "vault", SubResource( 50 ), "vault", "run", SubResource( 51 ), "run", "crouch", SubResource( 52 ), "crouch", "run", SubResource( 53 ), "slide", "crouch", SubResource( 54 ), "run", "sprint", SubResource( 55 ), "sprint", "run", SubResource( 56 ), "sprint", "slide", SubResource( 57 ), "sprint", "vault", SubResource( 58 ), "run", "turn", SubResource( 59 ), "turn", "run", SubResource( 60 ) ]
start_node = "run"
graph_offset = Vector2( -13, 90 )

[sub_resource type="AnimationNodeBlend2" id=62]
filter_enabled = true
filters = [ ".:HandHold.R", ".:LowerArm.L", ".:LowerArm.R", ".:LowerHand.L", ".:LowerHand.R", ".:LowerThumb.L", ".:LowerThumb.R", ".:Shoulder.L", ".:Shoulder.R", ".:UpperArm.L", ".:UpperArm.R", ".:UpperHand.L", ".:UpperHand.R", ".:UpperThumb.L", ".:UpperThumb.R" ]

[sub_resource type="AnimationNodeAnimation" id=63]
animation = "AimRifle"

[sub_resource type="AnimationNodeAnimation" id=64]
animation = "AimFireRifle"

[sub_resource type="AnimationNodeOneShot" id=65]

[sub_resource type="AnimationNodeBlendTree" id=66]
nodes/Animation/node = SubResource( 64 )
nodes/Animation/position = Vector2( 60, 260 )
"nodes/Animation 2/node" = SubResource( 63 )
"nodes/Animation 2/position" = Vector2( 63, 125 )
nodes/fire/node = SubResource( 65 )
nodes/fire/position = Vector2( 300, 120 )
nodes/output/position = Vector2( 520, 160 )
node_connections = [ "output", 0, "fire", "fire", 0, "Animation 2", "fire", 1, "Animation" ]

[sub_resource type="AnimationNodeAnimation" id=67]
animation = "AimFireRifle"

[sub_resource type="AnimationNodeAnimation" id=68]
animation = "FireRifle"

[sub_resource type="AnimationNodeAnimation" id=69]
animation = "FireRifle"

[sub_resource type="AnimationNodeAnimation" id=70]
animation = "HoldRifle-loop"

[sub_resource type="AnimationNodeOneShot" id=71]

[sub_resource type="AnimationNodeBlendTree" id=72]
graph_offset = Vector2( -194, 67.5 )
nodes/Animation/node = SubResource( 70 )
nodes/Animation/position = Vector2( 60, 100 )
"nodes/Animation 2/node" = SubResource( 69 )
"nodes/Animation 2/position" = Vector2( 80, 240 )
nodes/fire/node = SubResource( 71 )
nodes/fire/position = Vector2( 300, 100 )
nodes/output/position = Vector2( 500, 120 )
node_connections = [ "output", 0, "fire", "fire", 0, "Animation", "fire", 1, "Animation 2" ]

[sub_resource type="AnimationNodeStateMachineTransition" id=73]
xfade_time = 0.3

[sub_resource type="AnimationNodeStateMachineTransition" id=74]
xfade_time = 0.5

[sub_resource type="AnimationNodeStateMachineTransition" id=75]

[sub_resource type="AnimationNodeStateMachineTransition" id=76]
switch_mode = 2
auto_advance = true
xfade_time = 0.2

[sub_resource type="AnimationNodeStateMachineTransition" id=77]

[sub_resource type="AnimationNodeStateMachineTransition" id=78]
switch_mode = 2
auto_advance = true
xfade_time = 0.2

[sub_resource type="AnimationNodeStateMachine" id=79]
states/aim/node = SubResource( 66 )
states/aim/position = Vector2( 717, 248 )
states/aimfire/node = SubResource( 67 )
states/aimfire/position = Vector2( 717, 325 )
states/fire/node = SubResource( 68 )
states/fire/position = Vector2( 540, 325 )
states/hold/node = SubResource( 72 )
states/hold/position = Vector2( 540, 248 )
transitions = [ "hold", "aim", SubResource( 73 ), "aim", "hold", SubResource( 74 ), "aim", "aimfire", SubResource( 75 ), "aimfire", "aim", SubResource( 76 ), "hold", "fire", SubResource( 77 ), "fire", "hold", SubResource( 78 ) ]
start_node = "hold"
graph_offset = Vector2( 104, 158.633 )

[sub_resource type="AnimationNodeBlendTree" id=80]
graph_offset = Vector2( -21, 279.682 )
nodes/look/node = SubResource( 21 )
nodes/look/position = Vector2( 200, 240 )
nodes/look_blend/node = SubResource( 22 )
nodes/look_blend/position = Vector2( 460, 80 )
nodes/move_speed/node = SubResource( 23 )
nodes/move_speed/position = Vector2( 220, 100 )
nodes/move_state/node = SubResource( 61 )
nodes/move_state/position = Vector2( -20, 100 )
nodes/output/position = Vector2( 860, 100 )
nodes/weapon_blend/node = SubResource( 62 )
nodes/weapon_blend/position = Vector2( 680, 80 )
nodes/weaponstate/node = SubResource( 79 )
nodes/weaponstate/position = Vector2( 420, 280 )
node_connections = [ "output", 0, "weapon_blend", "look_blend", 0, "move_speed", "look_blend", 1, "look", "move_speed", 0, "move_state", "weapon_blend", 0, "look_blend", "weapon_blend", 1, "weaponstate" ]

[sub_resource type="AnimationNodeStateMachinePlayback" id=93]

[sub_resource type="AnimationNodeStateMachinePlayback" id=94]

[sub_resource type="BoxShape" id=95]
extents = Vector3( 0.249499, 0.919909, 0.50665 )

[node name="Character" instance=ExtResource( 3 )]

[node name="Armature" parent="." index="0"]
bones/1/bound_children = [ NodePath("HitBoxPelvis") ]
bones/2/bound_children = [ NodePath("HitBoxUpperLegL") ]
bones/3/bound_children = [ NodePath("HitBoxNeck") ]
bones/5/bound_children = [ NodePath("HitBoxTorso") ]
bones/6/bound_children = [ NodePath("HitBoxChest") ]
bones/7/bound_children = [ NodePath("HitBoxHead") ]
bones/8/bound_children = [ NodePath("HitBoxUpperArmL") ]
bones/9/bound_children = [ NodePath("HitBoxLowerArmL") ]
bones/13/bound_children = [ NodePath("HitBoxLowerLegL") ]
bones/16/bound_children = [ NodePath("HitBoxUpperArmR") ]
bones/17/bound_children = [ NodePath("HitBoxLowerArmR") ]
bones/21/bound_children = [ NodePath("HitBoxUpperLegR") ]
bones/22/bound_children = [ NodePath("HitBoxLowerLegR") ]
bones/26/bound_children = [ NodePath("WeaponHold") ]
bones/27/bound_children = [ NodePath("CameraHold"), NodePath("CameraBoneAttachment") ]

[node name="WeaponHold" type="BoneAttachment" parent="Armature" index="2"]
transform = Transform( 0.998601, -0.0227648, 0.0477319, 0.0215221, 0.999876, 0.0261605, -0.0482993, -0.0251154, 0.998517, -0.196333, 1.44961, 0.372862 )
bone_name = "HandHold.R"

[node name="Rifle" parent="Armature/WeaponHold" index="0" instance=ExtResource( 2 )]

[node name="MeshInstance" type="MeshInstance" parent="Armature/WeaponHold/Rifle" index="4"]
transform = Transform( 1, 0, 0, 0, 1, 0, 0, 0, 1, 0, 0, 5 )
visible = false
mesh = SubResource( 81 )
material/0 = null

[node name="CameraHold" type="BoneAttachment" parent="Armature" index="3"]
transform = Transform( -0.999016, -0.000578936, -0.0443465, 0.000578745, 0.99966, -0.026088, 0.0443465, -0.0260881, -0.998676, 0.00233999, 1.7567, 0.043952 )
bone_name = "Camera"

[node name="Physical Bone Head" type="PhysicalBone" parent="Armature" index="4"]
transform = Transform( 0.999993, -0.00386151, -0.000203517, -2.98303e-05, 0.0449183, -0.998993, 0.00386682, 0.998984, 0.0449179, 0.000124288, 1.80237, -0.0256335 )
visible = false
joint_type = 3
joint_offset = Transform( 1, 0, 0, 0, 1, 0, 0, 0, 1, -2.42669e-05, 0.0242515, 0.0313183 )
body_offset = Transform( 0.999993, -0.00386175, -0.000203528, 0.00386706, 0.998984, 0.0449179, 2.98303e-05, -0.0449183, 0.998993, 0.000124294, -0.0256335, -0.0301974 )
bounce = 0.5
bone_name = "Head"
joint_constraints/angular_limit_enabled = true
joint_constraints/angular_limit_upper = 90.0
joint_constraints/angular_limit_lower = -90.0
joint_constraints/angular_limit_bias = 0.3
joint_constraints/angular_limit_softness = 0.9
joint_constraints/angular_limit_relaxation = 1.0

[node name="CollisionShape" type="CollisionShape" parent="Armature/Physical Bone Head" index="0"]
transform = Transform( 1, -2.84217e-14, 0, 1.42109e-14, 1, 4.65661e-10, 0, 0, 1, 9.99201e-16, 0.0272074, -0.0555511 )
shape = SubResource( 82 )

[node name="Physical Bone Neck" type="PhysicalBone" parent="Armature" index="5"]
transform = Transform( 0.999743, -0.00430024, 0.0222827, 0.0224333, 0.0389153, -0.998991, 0.00342876, 0.999233, 0.0390018, -0.0102501, 1.69213, -0.0179574 )
visible = false
joint_type = 3
joint_offset = Transform( 1, 0, 0, 0, 1, 0, 0, 0, 1, 0.00946931, 0.0164429, 0.0383227 )
body_offset = Transform( 0.999743, -0.00430048, 0.0222827, 0.003429, 0.999233, 0.0390018, -0.0224333, -0.0389153, 0.998991, -0.0102501, -0.0179574, -0.0374317 )
bounce = 0.5
bone_name = "Neck"
joint_constraints/angular_limit_enabled = true
joint_constraints/angular_limit_upper = 90.0
joint_constraints/angular_limit_lower = -90.0
joint_constraints/angular_limit_bias = 0.3
joint_constraints/angular_limit_softness = 0.9
joint_constraints/angular_limit_relaxation = 1.0

[node name="CollisionShape" type="CollisionShape" parent="Armature/Physical Bone Neck" index="0"]
transform = Transform( 1, 0, 0, 0, -4.37114e-08, 1, 1.32349e-22, -1, -4.37114e-08, 0, 0, 0 )
shape = SubResource( 83 )

[node name="Physical Bone Chest" type="PhysicalBone" parent="Armature" index="6"]
transform = Transform( 0.999743, -0.0043005, 0.0222827, 0.0224333, 0.0389153, -0.998992, 0.00342909, 0.999234, 0.0390018, -0.00549548, 1.47897, -0.00963523 )
visible = false
joint_type = 3
joint_offset = Transform( 1, 0, 0, 0, 1, 0, 0, 0, 1, 0.00253125, 0.00440726, 0.133908 )
body_offset = Transform( 0.999743, -0.0043005, 0.0222827, 0.00342909, 0.999234, 0.0390018, -0.0224333, -0.0389153, 0.998992, -0.00549548, -0.00963523, -0.133545 )
bounce = 0.5
bone_name = "Chest"
joint_constraints/angular_limit_enabled = true
joint_constraints/angular_limit_upper = 90.0
joint_constraints/angular_limit_lower = -90.0
joint_constraints/angular_limit_bias = 0.3
joint_constraints/angular_limit_softness = 0.9
joint_constraints/angular_limit_relaxation = 1.0

[node name="CollisionShape" type="CollisionShape" parent="Armature/Physical Bone Chest" index="0"]
shape = SubResource( 84 )

[node name="Physical Bone Torso" type="PhysicalBone" parent="Armature" index="7"]
transform = Transform( 0.999999, -0.00193215, -5.08794e-05, -7.46342e-06, 0.0224649, -0.999747, 0.00193266, 0.999746, 0.0224648, 4.79691e-06, 1.21839, -0.00207373 )
visible = false
joint_type = 3
joint_offset = Transform( 1, 0, 0, 0, 1, 0, 0, 0, 1, -1.52066e-07, 0.000156124, 0.0853623 )
body_offset = Transform( 0.999999, -0.00193239, -5.08848e-05, 0.0019329, 0.999746, 0.0224648, 7.46342e-06, -0.0224649, 0.999747, 4.7974e-06, -0.00207373, -0.0853372 )
bounce = 0.5
bone_name = "Torso"
joint_constraints/angular_limit_enabled = true
joint_constraints/angular_limit_upper = 90.0
joint_constraints/angular_limit_lower = -90.0
joint_constraints/angular_limit_bias = 0.3
joint_constraints/angular_limit_softness = 0.9
joint_constraints/angular_limit_relaxation = 1.0

[node name="CollisionShape" type="CollisionShape" parent="Armature/Physical Bone Torso" index="0"]
transform = Transform( 1, 0, 0, 0, 1, 0, 0, 0, 1, 0, 0, 0.0241845 )
shape = SubResource( 85 )

[node name="Physical Bone Pelvis" type="PhysicalBone" parent="Armature" index="8"]
transform = Transform( 1, 2.68221e-07, 0, 0, 0, -1, -2.68221e-07, 1, 0, 0, 1.01725, 0 )
visible = false
joint_type = 3
joint_offset = Transform( 1, 0, 0, 0, 1, 0, 0, 0, 1, 0, 0, 0.0574352 )
body_offset = Transform( 1, 2.98019e-08, 0, -2.98019e-08, 1, 0, 0, 0, 1, 0, 0, -0.0574352 )
bounce = 0.5
bone_name = "Pelvis"
joint_constraints/angular_limit_enabled = true
joint_constraints/angular_limit_upper = 90.0
joint_constraints/angular_limit_lower = -90.0
joint_constraints/angular_limit_bias = 0.3
joint_constraints/angular_limit_softness = 0.9
joint_constraints/angular_limit_relaxation = 1.0

[node name="CollisionShape" type="CollisionShape" parent="Armature/Physical Bone Pelvis" index="0"]
shape = SubResource( 86 )

[node name="Physical Bone ShoulderL" type="PhysicalBone" parent="Armature" index="9"]
transform = Transform( -0.00441069, -0.00430101, -0.999981, -0.999234, 0.0389148, 0.0042401, 0.0388959, 0.999234, -0.00446834, 0.191273, 1.53544, -0.0109878 )
visible = false
joint_type = 3
joint_offset = Transform( 1, 0, 0, 0, 1, 0, 0, 0, 1, -0.0173973, 0.0118653, 0.0429042 )
body_offset = Transform( 0.998995, -0.0387866, 0.0224532, 0.0388964, 0.999234, -0.00446856, -0.0222627, 0.00533843, 0.999738, 0.0168767, -0.0109878, -0.0433436 )
bounce = 0.5
bone_name = "Shoulder.L"
joint_constraints/angular_limit_enabled = true
joint_constraints/angular_limit_upper = 90.0
joint_constraints/angular_limit_lower = -90.0
joint_constraints/angular_limit_bias = 0.3
joint_constraints/angular_limit_softness = 0.9
joint_constraints/angular_limit_relaxation = 1.0

[node name="CollisionShape" type="CollisionShape" parent="Armature/Physical Bone ShoulderL" index="0"]
shape = SubResource( 87 )

[node name="Physical Bone ShoulderR" type="PhysicalBone" parent="Armature" index="10"]
transform = Transform( -0.0489603, -0.0043006, 0.998792, 0.998036, 0.0389148, 0.0490907, -0.0390788, 0.999233, 0.00238726, -0.204585, 1.52656, -0.0123454 )
visible = false
joint_type = 3
joint_offset = Transform( 1, 0, 0, 0, 1, 0, 0, 0, 1, 0.0236224, 0.0131414, 0.0574724 )
body_offset = Transform( 0.998987, 0.0390162, 0.0224132, -0.0390793, 0.999233, 0.00238702, -0.022303, -0.00326011, 0.999746, -0.0253993, -0.0123454, -0.0568881 )
bounce = 0.5
bone_name = "Shoulder.R"
joint_constraints/angular_limit_enabled = true
joint_constraints/angular_limit_upper = 90.0
joint_constraints/angular_limit_lower = -90.0
joint_constraints/angular_limit_bias = 0.3
joint_constraints/angular_limit_softness = 0.9
joint_constraints/angular_limit_relaxation = 1.0

[node name="CollisionShape" type="CollisionShape" parent="Armature/Physical Bone ShoulderR" index="0"]
shape = SubResource( 88 )

[node name="Physical Bone UpperArmL" type="PhysicalBone" parent="Armature" index="11"]
transform = Transform( 0.0232076, -0.000652973, -0.999731, -0.999468, -0.0230071, -0.0231858, -0.0229846, 0.999735, -0.00118673, 0.389881, 1.54054, -0.0140076 )
visible = false
joint_type = 3
joint_offset = Transform( 1, 0, 0, 0, 1, 0, 0, 0, 1, -0.0139028, 0.0138602, 0.142023 )
body_offset = Transform( 0.999467, 0.0230067, 0.0231858, -0.0220885, 0.998993, -0.0390581, -0.0240617, 0.0385249, 0.998968, 0.0102836, -0.0086062, -0.142745 )
bounce = 0.5
bone_name = "UpperArm.L"
joint_constraints/angular_limit_enabled = true
joint_constraints/angular_limit_upper = 90.0
joint_constraints/angular_limit_lower = -90.0
joint_constraints/angular_limit_bias = 0.3
joint_constraints/angular_limit_softness = 0.9
joint_constraints/angular_limit_relaxation = 1.0

[node name="CollisionShape" type="CollisionShape" parent="Armature/Physical Bone UpperArmL" index="0"]
transform = Transform( 1, 8.52651e-14, 8.88178e-16, 0, 1, 0, 6.21725e-15, 0, 1, 0, 0, 0 )
shape = SubResource( 89 )

[node name="Physical Bone UpperArmR" type="PhysicalBone" parent="Armature" index="12"]
transform = Transform( 0.0325252, -0.00330884, 0.999465, 0.999069, 0.0284832, -0.032417, -0.0283611, 0.999589, 0.00423289, -0.398457, 1.53648, -0.0235391 )
visible = false
joint_type = 3
joint_offset = Transform( 1, 0, 0, 0, 1, 0, 0, 0, 1, 0.0185677, 0.0234385, 0.150447 )
body_offset = Transform( 0.999068, 0.0284836, -0.032417, -0.0295733, 0.998997, -0.0336323, 0.0314276, 0.0345604, 0.998908, -0.014341, -0.017806, -0.151676 )
bounce = 0.5
bone_name = "UpperArm.R"
joint_constraints/angular_limit_enabled = true
joint_constraints/angular_limit_upper = 90.0
joint_constraints/angular_limit_lower = -90.0
joint_constraints/angular_limit_bias = 0.3
joint_constraints/angular_limit_softness = 0.9
joint_constraints/angular_limit_relaxation = 1.0

[node name="CollisionShape" type="CollisionShape" parent="Armature/Physical Bone UpperArmR" index="0"]
shape = SubResource( 89 )

[node name="Physical Bone LowerArmL" type="PhysicalBone" parent="Armature" index="13"]
transform = Transform( 0.00208143, -0.071866, -0.997412, -0.999467, -0.0326631, 0.000267796, -0.0325972, 0.996879, -0.0718954, 0.705317, 1.54389, 0.00165604 )
visible = false
joint_type = 3
joint_offset = Transform( 1, 0, 0, 0, 1, 0, 0, 0, 1, -0.00685521, -0.00104575, 0.165829 )
body_offset = Transform( 0.999466, 0.0326627, -0.000267774, -0.0326472, 0.998689, -0.0394267, -0.00102052, 0.0394146, 0.999222, 0.00693011, 0.00735867, -0.165666 )
bounce = 0.5
bone_name = "LowerArm.L"
joint_constraints/angular_limit_enabled = true
joint_constraints/angular_limit_upper = 90.0
joint_constraints/angular_limit_lower = -90.0
joint_constraints/angular_limit_bias = 0.3
joint_constraints/angular_limit_softness = 0.9
joint_constraints/angular_limit_relaxation = 1.0

[node name="CollisionShape" type="CollisionShape" parent="Armature/Physical Bone LowerArmL" index="0"]
transform = Transform( 1, -1.13687e-13, -2.13163e-14, -8.52651e-14, 1, -7.45058e-09, 0, 0, 1, 0, 0, -0.0695922 )
shape = SubResource( 90 )

[node name="Physical Bone LowerArmR" type="PhysicalBone" parent="Armature" index="14"]
transform = Transform( 0.0313421, 0.0665345, 0.997292, 0.99907, -0.0316969, -0.0292839, 0.0296636, 0.99728, -0.0674655, -0.69742, 1.54621, -0.00552631 )
visible = false
joint_type = 3
joint_offset = Transform( 1, 0, 0, 0, 1, 0, 0, 0, 1, 0.00937086, 0.00478532, 0.157255 )
body_offset = Transform( 0.999069, -0.0316965, -0.0292839, 0.0306666, 0.998916, -0.035003, 0.0303611, 0.0340729, 0.998958, -0.00460541, 0.000436902, -0.157539 )
bounce = 0.5
bone_name = "LowerArm.R"
joint_constraints/angular_limit_enabled = true
joint_constraints/angular_limit_upper = 90.0
joint_constraints/angular_limit_lower = -90.0
joint_constraints/angular_limit_bias = 0.3
joint_constraints/angular_limit_softness = 0.9
joint_constraints/angular_limit_relaxation = 1.0

[node name="CollisionShape" type="CollisionShape" parent="Armature/Physical Bone LowerArmR" index="0"]
transform = Transform( 1, -5.68434e-14, 1.77636e-15, 2.84217e-14, 1, -3.72529e-09, 3.55271e-15, 0, 1, 0, -1.86265e-09, -0.0690024 )
shape = SubResource( 90 )

[node name="Physical Bone UpperLegL" type="PhysicalBone" parent="Armature" index="15"]
transform = Transform( 0.00249442, -1.00004, -6.67673e-05, -0.0965145, -0.000305864, 0.995331, -0.995328, -0.00247657, -0.0965153, 0.148523, 0.780638, 0.00741524 )
visible = false
joint_type = 3
joint_offset = Transform( 1, 0, 0, 0, 1, 0, 0, 0, 1, -0.0146864, -2.08924e-05, 0.228286 )
body_offset = Transform( 0.998231, 0.00248604, 0.0593971, -0.00249413, 0.999997, 6.67673e-05, -0.0593964, -0.00021483, 0.998234, 0.00110096, -3.09795e-05, -0.228755 )
bounce = 0.5
bone_name = "UpperLeg.L"
joint_constraints/angular_limit_enabled = true
joint_constraints/angular_limit_upper = 90.0
joint_constraints/angular_limit_lower = -90.0
joint_constraints/angular_limit_bias = 0.3
joint_constraints/angular_limit_softness = 0.9
joint_constraints/angular_limit_relaxation = 1.0

[node name="CollisionShape" type="CollisionShape" parent="Armature/Physical Bone UpperLegL" index="0"]
transform = Transform( 1, 0, 0, 7.10543e-14, 1, 4.44089e-15, 0, -3.55271e-15, 1, 0.0197185, 0, -0.0557221 )
shape = SubResource( 91 )

[node name="Physical Bone UpperLegR" type="PhysicalBone" parent="Armature" index="16"]
transform = Transform( 0.00100625, 1.00004, 0.000993076, 0.105581, -0.0010925, 0.99441, 0.99441, -0.000895823, -0.105582, -0.148723, 0.776122, 0.0226432 )
visible = false
joint_type = 3
joint_offset = Transform( 1, 0, 0, 0, 1, 0, 0, 0, 1, 0.00210002, -3.38658e-06, 0.234241 )
body_offset = Transform( 0.997651, -0.000935676, -0.0684915, 0.00100602, 0.999999, 0.000993058, 0.0684905, -0.00105978, 0.997651, 0.0139484, -0.000231341, -0.233834 )
bounce = 0.5
bone_name = "UpperLeg.R"
joint_constraints/angular_limit_enabled = true
joint_constraints/angular_limit_upper = 90.0
joint_constraints/angular_limit_lower = -90.0
joint_constraints/angular_limit_bias = 0.3
joint_constraints/angular_limit_softness = 0.9
joint_constraints/angular_limit_relaxation = 1.0

[node name="CollisionShape" type="CollisionShape" parent="Armature/Physical Bone UpperLegR" index="0"]
transform = Transform( 1, 0, 0, 0, 1, 0, 0, 4.44089e-14, 1, -0.0197185, 0, -0.0557221 )
shape = SubResource( 91 )

[node name="Physical Bone LowerLegL" type="PhysicalBone" parent="Armature" index="17"]
transform = Transform( 0.00168538, -1.00004, -0.00183993, 0.0811252, -0.00169594, 0.996702, -0.996703, -0.00182925, 0.081122, 0.14902, 0.315886, 0.0128343 )
visible = false
joint_type = 3
joint_offset = Transform( 1, 0, 0, 0, 1, 0, 0, 0, 1, 0.0185772, 6.99656e-05, 0.266005 )
body_offset = Transform( 0.9987, 0.00177694, -0.050951, -0.00168521, 0.999997, 0.00183985, 0.0509542, -0.00175184, 0.998699, -0.005, -0.000528067, -0.266605 )
bounce = 0.5
bone_name = "LowerLeg.L"
joint_constraints/angular_limit_enabled = true
joint_constraints/angular_limit_upper = 90.0
joint_constraints/angular_limit_lower = -90.0
joint_constraints/angular_limit_bias = 0.3
joint_constraints/angular_limit_softness = 0.9
joint_constraints/angular_limit_relaxation = 1.0

[node name="CollisionShape" type="CollisionShape" parent="Armature/Physical Bone LowerLegL" index="0"]
transform = Transform( 1, 0, -9.31323e-09, -3.55271e-14, 1, 1.33227e-15, 9.31323e-09, -4.44089e-14, 1, -0.00181231, 0, -0.0599164 )
shape = SubResource( 92 )

[node name="Physical Bone LowerLegR" type="PhysicalBone" parent="Armature" index="18"]
transform = Transform( -1.22738e-05, 1.00004, 0.00141349, -0.0808246, -0.00140864, 0.996727, 0.996728, -0.000102127, 0.0808257, -0.149308, 0.322038, 0.0293799 )
visible = false
joint_type = 3
joint_offset = Transform( 1, 0, 0, 0, 1, 0, 0, 0, 1, -0.0344924, 0.000450192, 0.258541 )
body_offset = Transform( 0.998716, -5.92978e-05, 0.0506541, -1.23752e-05, 0.999999, 0.00141343, -0.050653, -0.00141245, 0.998715, 0.021352, -0.000816047, -0.259955 )
bounce = 0.5
bone_name = "LowerLeg.R"
joint_constraints/angular_limit_enabled = true
joint_constraints/angular_limit_upper = 90.0
joint_constraints/angular_limit_lower = -90.0
joint_constraints/angular_limit_bias = 0.3
joint_constraints/angular_limit_softness = 0.9
joint_constraints/angular_limit_relaxation = 1.0

[node name="CollisionShape" type="CollisionShape" parent="Armature/Physical Bone LowerLegR" index="0"]
transform = Transform( 1, 0, 7.45058e-09, 5.68434e-14, 1, 1.11022e-15, -7.45058e-09, -2.9754e-14, 1, 0.00181232, 0, -0.0599164 )
shape = SubResource( 92 )

[node name="HitBoxHead" type="BoneAttachment" parent="Armature" index="19"]
transform = Transform( 0.999016, 0.0443467, 0.000578833, -0.000578838, 0.0260877, -0.99966, -0.0443467, 0.998676, 0.0260877, -0.000277757, 1.67124, -0.013904 )
bone_name = "Head"

[node name="Area" type="Area" parent="Armature/HitBoxHead" index="0"]
collision_layer = 2
collision_mask = 0

[node name="CollisionShape" type="CollisionShape" parent="Armature/HitBoxHead/Area" index="0"]
transform = Transform( 1, -2.84217e-14, 0, 2.84217e-14, 1, 4.65661e-10, 0, 0, 1, 8.88178e-16, 0.0272074, -0.103689 )
shape = SubResource( 82 )

[node name="HitBoxNeck" type="BoneAttachment" parent="Armature" index="20"]
transform = Transform( 0.887347, -0.461103, 0.000578833, 0.0125426, 0.022882, -0.99966, 0.460932, 0.887052, 0.0260877, -0.000209755, 1.5538, -0.0108393 )
bone_name = "Neck"

[node name="Area" type="Area" parent="Armature/HitBoxNeck" index="0"]
transform = Transform( 1, 2.84217e-14, 0, -2.84217e-14, 1, 0, 0, 0, 1, 0, 0, -0.11748 )
collision_layer = 2
collision_mask = 0

[node name="CollisionShape" type="CollisionShape" parent="Armature/HitBoxNeck/Area" index="0"]
transform = Transform( 1, 1.69407e-21, -2.84217e-14, 2.84217e-14, -4.37114e-08, 1, 1.32349e-22, -1, -4.37114e-08, 7.94093e-23, -1.80439e-09, 0.0762005 )
shape = SubResource( 83 )

[node name="HitBoxChest" type="BoneAttachment" parent="Armature" index="21"]
transform = Transform( 0.887347, -0.461103, 0.000578833, 0.0125426, 0.022882, -0.99966, 0.460933, 0.887052, 0.0260877, -3.07362e-05, 1.24463, -0.00277099 )
bone_name = "Chest"

[node name="Area" type="Area" parent="Armature/HitBoxChest" index="0"]
transform = Transform( 1, 2.38419e-07, 0, -2.38419e-07, 1, 0, 0, 0, 1, 0, 0, -0.426755 )
collision_layer = 2
collision_mask = 0

[node name="CollisionShape" type="CollisionShape" parent="Armature/HitBoxChest/Area" index="0"]
transform = Transform( 1, -2.38419e-07, 0, 2.38419e-07, 1, 0, 0, 0, 1, 0, 0, 0.302916 )
shape = SubResource( 84 )

[node name="Spatial" type="Spatial" parent="Armature/HitBoxChest" index="1"]
transform = Transform( 0.887347, 0.0125426, 0.460933, -0.461103, 0.022882, 0.887052, 0.000578833, -0.999659, 0.0260877, -0.0143022, -0.0260282, 1.24394 )

[node name="head_ik_tg" type="Position3D" parent="Armature/HitBoxChest/Spatial" index="0"]
transform = Transform( 1, 0, 0, 0, 1, 0, 0, 0, 1, 0, 3, 0 )

[node name="rifle_ik_tg" type="Position3D" parent="Armature/HitBoxChest/Spatial" index="1"]
transform = Transform( 1, -2.65756e-14, -9.9476e-14, 3.88451e-18, 1, 0, 0, -3.10862e-15, 1, 0.65, 2.2, 1.75 )

[node name="HitBoxTorso" type="BoneAttachment" parent="Armature" index="22"]
transform = Transform( 0.999754, 0.0221809, 0.000144732, -0.000144735, 0.0130482, -0.999915, -0.0221809, 0.999669, 0.0130482, 0, 1.03228, 0 )
bone_name = "Torso"

[node name="Area" type="Area" parent="Armature/HitBoxTorso" index="0"]
transform = Transform( 1, 2.84217e-14, 0, -2.84217e-14, 1, 0, 0, 0, 1, 0, 0, -0.639121 )
collision_layer = 2
collision_mask = 0

[node name="CollisionShape" type="CollisionShape" parent="Armature/HitBoxTorso/Area" index="0"]
transform = Transform( 1, -2.84217e-14, 0, 2.84217e-14, 1, 0, 0, 0, 1, 0, 0, 0.571901 )
shape = SubResource( 85 )

[node name="HitBoxPelvis" type="BoneAttachment" parent="Armature" index="23"]
transform = Transform( 1, 2.38419e-07, 0, 0, 0, -1, -2.38419e-07, 1, 0, 0, 0.859036, 0 )
bone_name = "Pelvis"

[node name="Area" type="Area" parent="Armature/HitBoxPelvis" index="0"]
transform = Transform( 1, 5.68434e-14, 0, -5.68434e-14, 1, 0, 0, 0, 1, 0, 0, -0.812367 )
collision_layer = 2
collision_mask = 0

[node name="CollisionShape" type="CollisionShape" parent="Armature/HitBoxPelvis/Area" index="0"]
transform = Transform( 1, -5.68434e-14, 0, 5.68434e-14, 1, 0, 0, 0, 1, 0, 0, 0.718014 )
shape = SubResource( 86 )

[node name="HitBoxUpperArmL" type="BoneAttachment" parent="Armature" index="24"]
transform = Transform( -0.73346, -0.532334, 0.422678, -0.383873, 0.837571, 0.388739, -0.560961, 0.12287, -0.818673, 0.219526, 1.45306, 0.105981 )
bone_name = "UpperArm.L"

[node name="Area" type="Area" parent="Armature/HitBoxUpperArmL" index="0"]
transform = Transform( -2.25982e-08, -3.99434e-07, 0.999999, 0.0378822, 0.999282, 4.04485e-07, -0.999282, 0.0378822, -8.34572e-08, -0.221357, -0.0093784, 0.247387 )
collision_layer = 2
collision_mask = 0

[node name="CollisionShape" type="CollisionShape" parent="Armature/HitBoxUpperArmL/Area" index="0"]
transform = Transform( -9.87201e-08, 0.0378822, -0.999282, -4.01033e-07, 0.999282, 0.0378822, 1, 4.00003e-07, -7.45058e-09, 0.401971, -0.00585343, 0.221357 )
shape = SubResource( 89 )

[node name="HitBoxUpperArmR" type="BoneAttachment" parent="Armature" index="25"]
transform = Transform( -0.679658, 0.428711, 0.595208, 0.731795, 0.452069, 0.510011, -0.0504277, 0.782202, -0.62098, -0.219825, 1.44685, -0.12224 )
bone_name = "UpperArm.R"

[node name="Area" type="Area" parent="Armature/HitBoxUpperArmR" index="0"]
transform = Transform( -2.25984e-08, 3.99433e-07, -0.999999, -0.0378827, 0.999282, 4.04485e-07, 0.999282, 0.0378827, -8.34572e-08, 0.221357, -0.0093784, 0.247387 )
collision_layer = 2
collision_mask = 0

[node name="CollisionShape" type="CollisionShape" parent="Armature/HitBoxUpperArmR/Area" index="0"]
transform = Transform( -9.87203e-08, -0.0378827, 0.999282, 4.01033e-07, 0.999282, 0.0378827, -1, 4.00003e-07, -7.45059e-09, -0.401971, -0.00585363, 0.221357 )
shape = SubResource( 89 )

[node name="HitBoxLowerArmL" type="BoneAttachment" parent="Armature" index="26"]
transform = Transform( -0.73346, -0.0697908, 0.67614, -0.383873, 0.863436, -0.327293, -0.560961, -0.499608, -0.660086, 0.09584, 1.33931, 0.345544 )
bone_name = "LowerArm.L"

[node name="Area" type="Area" parent="Armature/HitBoxLowerArmL" index="0"]
transform = Transform( 6.56396e-09, -3.99604e-07, 0.999999, -0.0325151, 0.999471, 3.9873e-07, -0.999471, -0.0325151, -8.25663e-08, -0.221357, 0.0286367, 0.539332 )
collision_layer = 2
collision_mask = 0

[node name="CollisionShape" type="CollisionShape" parent="Armature/HitBoxLowerArmL/Area" index="0"]
transform = Transform( -6.95579e-08, -0.0325151, -0.999471, -4.01204e-07, 0.999471, -0.0325151, 1, 3.99606e-07, -6.4327e-09, 0.815413, -0.00212468, 0.221357 )
shape = SubResource( 90 )

[node name="HitBoxLowerArmR" type="BoneAttachment" parent="Armature" index="27"]
transform = Transform( -0.679658, 0.6059, -0.413462, 0.731795, 0.521323, -0.438976, -0.0504283, -0.600922, -0.797715, -0.393997, 1.29761, 0.059474 )
bone_name = "LowerArm.R"

[node name="Area" type="Area" parent="Armature/HitBoxLowerArmR" index="0"]
transform = Transform( 6.56376e-09, 3.99604e-07, -0.999999, 0.0325146, 0.999471, 3.98729e-07, 0.999471, -0.0325146, -8.25663e-08, 0.221357, 0.0286367, 0.539332 )
collision_layer = 2
collision_mask = 0

[node name="CollisionShape" type="CollisionShape" parent="Armature/HitBoxLowerArmR/Area" index="0"]
transform = Transform( -6.95581e-08, 0.0325146, 0.999471, 4.01204e-07, 0.999471, -0.0325146, -1, 3.99606e-07, -6.43268e-09, -0.814816, -0.0021445, 0.221357 )
shape = SubResource( 90 )

[node name="HitBoxUpperLegL" type="BoneAttachment" parent="Armature" index="28"]
transform = Transform( 5.56742e-07, -1.00011, 1.63319e-06, -0.64503, 2.26487e-06, 0.764158, -0.764158, -1.53029e-06, -0.64503, 0.148492, 0.908501, 5.79509e-09 )
bone_name = "UpperLeg.L"

[node name="Area" type="Area" parent="Armature/HitBoxUpperLegL" index="0"]
transform = Transform( 4.36924e-07, -0.999307, 0.0372251, -0.99996, -4.36533e-07, 1.61225e-08, 1.37689e-06, -0.0372251, -0.999307, -0.0283991, 0.148486, 0.762373 )
collision_layer = 2
collision_mask = 0

[node name="CollisionShape" type="CollisionShape" parent="Armature/HitBoxUpperLegL/Area" index="0"]
transform = Transform( 4.36848e-07, -1.00004, 1.38655e-10, -0.999307, -4.87896e-07, -0.0372251, 0.0372251, -1.35973e-06, -0.999307, 0.148492, -0.0176305, 1.02867 )
shape = SubResource( 91 )

[node name="HitBoxUpperLegR" type="BoneAttachment" parent="Armature" index="29"]
transform = Transform( -6.76393e-07, 1.00011, -1.236e-06, 0.0236144, 2.62476e-06, 0.999721, 0.999721, 5.95767e-07, -0.0236144, -0.148492, 0.908501, 2.03544e-09 )
bone_name = "UpperLeg.R"

[node name="Area" type="Area" parent="Armature/HitBoxUpperLegR" index="0"]
transform = Transform( -4.73296e-08, 0.999307, -0.0372251, 0.99996, 4.74041e-08, -1.6271e-09, -1.37376e-06, -0.0372251, -0.999307, 0.0283991, 0.148486, 0.762373 )
collision_layer = 2
collision_mask = 0

[node name="CollisionShape" type="CollisionShape" parent="Armature/HitBoxUpperLegR/Area" index="0"]
transform = Transform( -4.74337e-08, 1.00004, 1.3866e-10, 0.999307, -3.84196e-09, -0.0372251, -0.0372251, -1.37463e-06, -0.999307, -0.148492, -0.0176306, 1.02867 )
shape = SubResource( 91 )

[node name="HitBoxLowerLegL" type="BoneAttachment" parent="Armature" index="30"]
transform = Transform( 1.41909e-06, -1.00011, 1.17258e-06, -0.0466803, 2.48101e-06, 0.99891, -0.99891, -1.52367e-06, -0.0466803, 0.148491, 0.582167, 0.275461 )
bone_name = "LowerLeg.L"

[node name="Area" type="Area" parent="Armature/HitBoxLowerLegL" index="0"]
transform = Transform( 4.36789e-07, -0.999542, -0.0302335, -0.99996, -3.43935e-07, -3.07927e-09, 1.36629e-06, 0.0302335, -0.999542, 0.0518573, 0.148486, 1.18863 )
collision_layer = 2
collision_mask = 0

[node name="CollisionShape" type="CollisionShape" parent="Armature/HitBoxLowerLegL/Area" index="0"]
transform = Transform( 3.43884e-07, -1.00004, -7.3208e-09, -0.999543, -3.95297e-07, 0.0302336, -0.0302336, -1.37893e-06, -0.999543, 0.148492, 0.0158971, 1.51202 )
shape = SubResource( 92 )

[node name="HitBoxLowerLegR" type="BoneAttachment" parent="Armature" index="31"]
transform = Transform( 1.44475e-07, 1.00011, -1.44785e-06, -0.589749, 2.62761e-06, 0.807587, 0.807587, 6.85934e-07, 0.589749, -0.148491, 0.481569, 0.0100846 )
bone_name = "LowerLeg.R"

